427,266
287,390
398,319
don't
613,600
189,242
908,64
483,371
3,691
750,722
690,877
660,82
643,414
631,119
46,574
615,533
340,363
616,181
992,220
520,454
415,958
don't
105,235
232,129
722,937
142,570
735,148
508,385
873,313
767,964
don't
468,348
392,237
do
990,506
63,701
386,211
850,88
206,161
488,490
375,471
567,455
529,980
121,730
820,390
129,546
332,834
don't
347,49
280,870
106,854
406,169
433,817
524,995
793,330
903,23
26,14
919,646
693,220
500,280
175,589
353,901
605,43
843,99
63,49
338,558
937,874
692,107
19,217
66,715
don't
915,974
don't
739,5
129,410
469,649
431,543
don't
228,498
496,917
376,741
don't
370,925
158,101
906,92
don't
744,992
676,190
don't
718,403
744,633
921,762
589,811
444,379
don't
379,703
307,647
119,27
172,530
don't
917,471
943,189
176,134
293,840
537,65
15,830
817,724
286,977
67,213
398,674
641,923
897,886
409,42
956,203
324,301
464,146
756,429
do
405,595
392,884
32,781
571,9
722,448
409,423
216,914
100,814
582,883
73,318
don't
192,339
64,832
895,824
665,94
557,512
476,699
568,897
634,776
33,966
330,932
5,441
don't
122,41
956,681
416,511
448,262
790,561
150,915
6,883
837,650
don't
365,821
974,620
44,781
154,994
415,59
625,488
35,74
935,878
35,43
277,826
259,735
730,963
477,745
788,170
832,160
319,300
579,720
853,477
do
95,625
257,861
166,899
210,918
142,506
157,271
599,342
854,498
817,886
884,982
227,381
523,852
748,939
382,349
312,240
don't
899,335
712,495
635,75
455,75
289,870
691,916
12,681
509,944
231,779
883,842
868,949
419,845
353,525
478,959
801,986
607,712
618,871
680,526
887,510
905,562
182,98
29,818
787,415
349,665
783,933
307,923
977,759
759,28
765,535
94,616
903,186
866,666
431,821
113,240
558,362
651,671
389,80
373,123
292,50
240,271
765,285
913,65
900,910
don't
946,41
620,975
725,94
45,24
983,675
478,620
901,822
68,784
287,864
979,614
24,685
591,639
374,769
471,858
224,139
529,46
88,615
926,665
276,391
538,717
880,4
705,311
653,900
do
280,635
do
762,944
86,637
879,416
549,406
88,855
908,190
738,858
244,786
546,413
577,49
589,160
646,29
428,692
18,727
662,289
130,76
176,27
390,185
649,266
71,265
285,789
399,312
70,238
917,868
438,62
833,695
935,290
630,652
281,551
don't
556,858
116,164
621,5
28,230
235,778
185,415
654,30
905,875
don't
640,206
705,946
190,831
621,925
56,969
80,180
776,263
776,582
539,983
545,508
458,110
217,319
86,257
848,36
do
668,937
855,368
394,160
156,502
510,5
67,196
82,797
don't
26,581
334,571
860,74
862,711
499,250
584,58
477,169
842,897
557,782
744,895
823,437
454,808
382,785
843,638
186,336
768,910
152,254
613,647
540,369
690,678
658,762
do
449,254
177,264
214,245
388,902
817,942
158,891
526,761
875,326
615,449
222,501
627,783
don't
881,584
do
367,274
893,21
684,227
903,634
256,820
252,391
302,901
don't
142,107
68,89
942,988
272,609
63,880
405,175
570,270
392,855
890,154
406,29
367,75
950,288
572,719
925,930
763,475
863,300
297,62
124,65
959,703
404,257
681,247
don't
568,330
694,625
76,548
501,914
324,175
292,436
594,659
398,213
513,579
703,244
323,831
621,726
622,786
423,647
939,18
813,331
476,709
217,676
325,411
don't
232,840
559,343
491,961
710,958
544,2
335,280
78,653
456,188
752,107
737,470
884,211
260,812
844,818
626,583
184,340
don't
548,199
898,364
951,193
482,962
559,299
149,717
884,495
875,97
481,270
700,711
665,124
622,126
312,612
247,32
266,742
305,409
133,894
671,870
108,731
455,894
171,819
9,795
371,122
736,893
don't
482,721
don't
576,874
311,507
340,15
777,444
don't
262,148
do
959,150
707,60
346,903
162,123
607,986
970,450
944,547
580,289
709,677
10,529
458,346
315,458
812,748
804,59
357,79
do
4,139
955,257
306,23
708,911
421,641
501,26
133,700
414,12
do
762,731
169,103
942,416
515,151
81,656
291,623
do
721,646
186,854
59,522
don't
350,608
392,796
396,944
74,28
478,660
327,407
745,834
884,813
899,610
don't
597,66
895,115
505,760
691,904
860,807
740,925
461,169
125,232
990,649
930,83
972,431
do
38,721
370,999
979,803
656,360
940,701
999,807
135,491
547,465
350,508
944,107
805,698
938,462
736,752
614,981
397,776
435,814
839,4
95,582
897,981
232,868
501,202
do
505,973
846,502
627,131
986,900
739,824
315,354
55,825
966,81
don't
117,418
do
740,915
566,643
421,320
262,130
690,379
735,499
648,381
434,100
do
461,657
981,247
39,52
do
71,103
794,758
752,691
244,863
111,990
840,910
262,551
937,18
369,863
don't
846,823
910,364
75,30
206,337
924,832
948,363
642,468
394,538
257,730
957,39
739,17
122,138
51,930
956,973
643,945
113,470
do
650,992
don't
203,347
34,992
43,23
don't
587,787
177,150
673,467
489,258
do
519,991
398,646
604,21
859,244
209,516
469,387
650,38
213,981
75,263
743,980
373,28
341,452
100,786
401,916
198,617
684,266
don't
291,746
675,786
971,260
625,149
775,189
779,811
426,194
86,850
160,267
447,868
81,235
248,602
664,457
817,900
738,909
848,133
363,137
345,309
880,710
794,37
526,419
998,365
971,223
762,342
303,155
16,983
389,980
62,453
914,670
611,47
do
24,776
688,201
337,398
457,600
496,888
728,648
632,329
264,442
44,835
don't
247,848
4,587
700,580
895,525
738,599
320,963
25,220
501,765
do
193,614
748,258
2,3
983,26
111,766
78,205
836,378
don't
612,507
609,895
145,394
78,456
835,135
806,416
776,153
233,340
895,703
242,311
45,928
916,537
796,856
650,488
944,505
do
260,781
94,500
475,992
182,987
539,499
965,326
866,145
845,528
233,174
938,185
288,754
45,150
don't
904,694
32,251
537,614
394,510
666,129
906,339
172,337
961,996
don't
200,564
446,6
206,389
668,856
don't
671,116
725,537
209,705
631,654
410,570
916,187
627,593
772,583
676,125
315,458
967,658
639,853
569,506
674,667
619,606
257,454
don't
524,120
68,702
734,878
363,999
583,385
609,453
198,289
456,335
152,156
595,969
don't
978,210
395,664
912,244
don't
948,729
186,228
261,980
582,578
750,230
do
46,807
792,172
822,372
291,330
121,244
836,102
372,630
328,505
95,158
don't
176,511
353,178
don't
785,2
876,667
493,878
880,424
627,730
307,530
don't
404,620
do
667,655
322,981
837,392
724,781
564,891
605,35
do
602,940
714,278
770,700
960,514
43,61
157,53
507,423
423,315
988,45
376,354
704,65
329,461
785,621
976,631
719,163
858,587
270,973
206,60
906,800
639,518
931,666
629,379
480,801
633,131
don't
329,229
146,399
don't
819,85
812,398
256,504
824,150
955,85
77,506
667,680
521,388
